1479500536111808192.jpg 1624 392 1919 987 733 7 1266 818 591 581 637 616 1497 61 1919 728 2 580 64 678 689 579 725 615
1479502256730425770.jpg 371 515 666 735 894 571 992 648 1417 566 1736 755 1061 577 1137 633 727 573 802 637 43 575 260 673 846 572 911 606 352 595 383 640 634 562 678 619 791 572 822 611 2 550 32 691
1479498897001834503.jpg 703 399 1339 932 430 551 662 695
1479503995348069269.jpg 0 584 112 691 194 572 346 659 352 556 464 600 726 508 1325 984 1607 439 1920 751 1153 444 1329 636 700 553 781 598 790 553 829 598
1479499426535688756.jpg 1701 520 1920 599 1635 537 1773 581 1588 539 1688 584 1506 539 1586 584 922 588 993 650 855 590 900 637 1002 590 1041 627 437 541 588 661 374 592 423 646 247 590 390 668 0 601 176 686 379 600 440 659
1479498452969944565.jpg 1227 533 1355 632 299 565 469 665 85 560 291 669 821 515 1213 701 733 552 853 661 480 565 593 640 640 565 704 619 576 568 653 624 1736 534 1824 579 663 532 746 613 4 587 82 681 1443 549 1518 588 1328 551 1366 590 1655 539 1732 586
1479505083918287073.jpg 14 600 224 686 174 601 278 674 132 583 320 664 371 567 533 675 682 594 718 624 745 588 792 624 802 585 832 615 811 576 881 628 947 571 1041 633 743 561 793 592
1479500496605647342.jpg 816 571 1049 734 1129 581 1194 640 515 569 638 648 344 581 470 661 221 591 333 658 900 417 1084 659 755 562 843 614
1479504333367941686.jpg 537 570 820 731 269 590 428 666 0 519 216 739 481 584 572 653 924 595 984 639
1479504994415424888.jpg 845 527 1119 784 1644 505 1920 773 1459 557 1697 749 24 566 216 671 363 546 488 638 517 551 645 635 713 568 743 598 1884 578 1920 766
1479505873476516450.jpg 674 506 1145 921 914 501 1137 682 1313 569 1535 709 624 565 756 650 1140 568 1196 600 1165 563 1261 647 1234 536 1399 672 1472 547 1580 607
1479504553862219434.jpg 923 536 998 613 1059 536 1142 617 1028 549 1067 609 619 557 686 613 684 565 723 605 1735 510 1920 636 685 560 728 599
1479500873634291686.jpg 23 521 333 694 721 461 928 662 578 505 842 713 908 455 1089 620 1797 541 1920 704 1283 531 1417 580 464 529 529 632
1479500673120855340.jpg 698 512 878 664 1285 488 1528 593